wander:
[110651300, 109384800, 112165700, 110100300, 109323700, 112154900, 108952300, 109099300, 110899200, 109247900, 110801200, 112193100, 107854000, 109099200, 111361700, 109652600, 111554300, 110489500, 110348100, 108761500, 110054600, 109808900, 112034500, 109976600, 111963100, 109004300, 108270600, 109969100, 111986200, 109102700, 112104600, 111388800, 112145100, 110100000, 109159100, 109919300, 112102000, 111117000, 109736700, 109744800, 108325600, 108756500, 112090600, 109458100, 111436500, 110101100, 112167700, 111227400, 108732900, 108394400, 108197200, 111111800, 111932400, 111395000, 111247400, 108296600, 111653800, 109098800, 110251800, 112113300, 110235600, 111688100, 111470100, 110099900, 107951300, 109678500, 112425600, 109776700, 110061100, 111365000, 110091600, 108943300, 
109099500, 108861600, 109674800, 111038900, 110396200, 108935400, 108925100, 112103500, 111762000, 110822300, 111085900, 111942400, 112107600, 110100000, 110114200, 111727500, 109099000, 110910400, 109050300, 110573900, 111574800, 111894000, 112120000, 110084400, 110793100, 112114300, 110157500, 110108600, 108050300, 110042000, 108013800, 111637900, 110114100, 111620300, 108098300, 110918800, 111038600, 111958600, 109682800, 111109700, 107984500, 110643200, 111940100, 110206300, 110102000, 109972900, 111101100, 110105700, 111684200, 110100300, 108962300, 109948400, 110726100, 109099200, 109105800, 107838500, 109020900, 112106000, 108599800, 107924700, 112120800, 107313000, 111311800, 109966800, 112110100, 111525500, 111120200, 107790700, 112112800, 111452600, 108779500, 111226100, 108708700, 109731300, 109101600, 110847000, 110159900, 110868100, 111102000, 111099800, 109929500, 110228500, 109353500, 108099600, 109961000, 110430800, 109255500, 106922000, 109999100, 111011900, 111589400, 109925000, 112103000, 111007500, 111108900, 110966100, 110868900, 112120000, 110855900, 111100000, 108992800, 111107800, 108778700, 109152000, 109098500, 110890400, 109101800, 110571300, 109404900, 109045400, 111098800, 111100900, 111164100, 108008600, 111114600, 108784600, 110682800, 111103800, 108811000, 111100500, 108576200, 108655700, 109098400, 109739900, 109745500, 108541200, 110390800, 108865300, 108843600, 108105400, 101116400, 109926600, 108207800, 108783600, 109984300, 110337100, 111100000, 108879800, 107902600, 110013900, 110780500, 111104000, 108889300, 111103900, 110105900, 109940600, 110742300, 109217500, 111125400, 109598900, 110404200, 109638700, 108674400, 110663800, 108414700, 109619500, 109876800, 110099600, 110308200, 109724900, 108866600, 109979200, 111087800, 108156300, 109057600, 111111100, 108739400, 110072300, 110271200, 109668600, 107600000, 109098400, 109931100, 109098800]

ultrasonic:
[126587500, 112105700, 112103400, 109098900, 110099700, 112101800, 112103000, 108234900, 223749100, 111270000, 222203500, 141449500, 223200, 110100300, 112102000, 112102200, 112103400, 112101900, 111009200, 110099800, 110101500, 110677300, 110100700, 112102800, 112101300, 109462800, 112102200, 112102800, 110100900, 109163700, 112102700, 222202300, 111822600, 110605400, 110471100, 111802400, 111518700, 108097700, 112101800, 108233300, 111605300, 112102400, 111548200, 110100500, 110100600, 112104600, 109099600, 111102000, 111105900, 108097800, 110207600, 110101000, 112102000, 111602600, 109831600, 112101500, 112101400, 110100100, 109098100, 112101600, 111101400, 220199900, 112102200, 108739000, 110779900, 108623700, 112101400, 110102800, 112156100, 112101000, 109099000, 112101500, 109125900, 111100500, 112102200, 110100900, 110100000, 112105900, 110500100, 112165300, 110068300, 112049000, 112101400, 112101400, 110099800, 224204200, 126617700, 110101300, 112101700, 112102200, 110100700, 107712500, 110100200, 111101200, 112104700, 112103900, 111927200, 112100600, 107096500, 110098500, 112101300, 111101000, 111089000, 112102100, 110709500, 224204900, 112101800, 112102900, 112101400, 112103500, 112101300, 109099800, 110101300, 112101800, 110100900, 110100500, 110635300, 111302600, 110099800, 111200300, 110098800, 111099800, 110100200, 112102400, 110102100, 219199000, 112101900, 112102500, 109676200, 107640900, 108601400, 110099800, 110100100, 109387200, 109418700, 110099500, 112101900, 109243700, 112101500, 110979600, 109099700, 112102700, 112111800, 112103500, 109602200, 222202600, 110099400, 110099900, 110100200, 109101600, 112101700]

colorSensor:


colorSensor:



histograma com esse vetor
wcet estimado = valor maximo + variancia